UNITS MM,10;
ADD N2 :D :F1 :S0 :T1003 '1, 50, 0, 0' -152.0,-13.0;
ADD N1 :D :F1 :S0 :T1003 '-1, 50, 0, 0' -152.0,-13.0;
ADD P1 :FILL
  -119.2,49.8
  -119.2,55.8
  -155.0,55.8
  -155.0,20.4
  -157.0,20.4
  -157.0,55.8
  -192.8,55.8
  -192.8,49.8
  -163.0,49.8
  -163.0,20.4
  -168.9,20.4
  -168.9,-13.0
  -143.0,-13.0
  -143.0,20.4
  -149.0,20.4
  -149.0,49.8
  -119.2,49.8;
ADD P2 :FILL
  -149.9,54.9
  -160.0,54.9
  -162.0,54.9
  -162.0,50.7
  -160.0,50.7
  -154.1,50.7
  -154.1,-13.1
  -149.9,-13.1
  -149.9,54.9;
