UNITS MM,10;
ADD N2 :F1.0 :S0 :T1003 :D '1, 50, 0, 0' -152, -16.2;
ADD N1 :F1.0 :S0 :T1003 :D '-1, 50, 0, 0' -152, -16.2;
ADD P1  -224.8,-16.2 -87.2,-16.2 -87.2,16.9 -224.8,16.9 -224.8,-16.2;
ADD P1  -155.0,19.9 -155.0,16.9 -149.0,16.9 -149.0,19.9 -155.0,19.9;
ADD P1  -163.0,19.9 -163.0,16.9 -157.0,16.9 -157.0,19.9 -163.0,19.9;
ADD P1  -157.0,55.8 -157.0,19.9 -163.0,19.9 -163.0,49.8 -189.8,49.8 -189.8,55.8 -157.0,55.8;
ADD P1  -122.2,49.8 -121.1,49.8 -121.1,55.8 -122.2,55.8 -122.2,49.8;
ADD P1  -122.2,55.8 -122.2,49.8 -149.0,49.8 -149.0,19.9 -155.0,19.9 -155.0,55.8 -122.2,55.8;
ADD P1  -190.7,49.8 -189.8,49.8 -189.8,55.8 -190.7,55.8 -190.7,49.8;
ADD P2  -154.1,-13.0 -154.1,-16.2 -149.9,-16.2 -149.9,-13.0 -154.1,-13.0;
ADD P2  -160.0,50.7 -154.1,50.7 -154.1,-13.2 -149.9,-13.2 -149.9,54.9 -160.0,54.9 -160.0,50.7;
ADD P2  -160.1,54.9 -162.1,54.8 -161.9,50.6 -159.9,50.7 -160.1,54.9;
