UNITS MM,10;
ADD N2 :D :F1 :S0 :T1003 '1, 50, 0, 0' -152.0,-13.0;
ADD N1 :D :F1 :S0 :T1003 '-1, 50, 0, 0' -152.0,-13.0;
ADD P1 :FILL
  -163.0,49.8
  -163.0,20.1
  -224.7,20.1
  -224.7,-13.0
  -87.1,-13.0
  -87.1,20.1
  -149.0,20.1
  -149.0,49.9
  -119.2,49.8
  -119.2,55.8
  -155.0,55.9
  -155.0,20.1
  -157.0,20.1
  -157.0,55.8
  -192.8,55.8
  -192.8,49.8
  -163.0,49.8;
ADD P2 :FILL
  -154.1,-13.0
  -149.9,-13.0
  -149.9,55.0
  -160.0,54.9
  -160.0,50.7
  -154.1,50.8
  -154.1,-13.0;
ADD P2 :FILL
  -160.0,54.9
  -162.0,54.9
  -162.0,50.7
  -160.0,50.7
  -160.0,54.9;
