UNITS MM,10;
EDIT proj;
ADD P1 :W0.000000  -224.8,-32.4 -87.0,-32.4 -87.0,16.9 -224.8,16.9 -224.8,-32.4;
ADD P1 :W0.000000  -155.0,19.9 -155.0,16.9 -149.0,16.9 -149.0,19.9 -155.0,19.9;
ADD P1 :W0.000000  -163.0,19.9 -163.0,16.9 -157.0,16.9 -157.0,19.9 -163.0,19.9;
ADD P1 :W0.000000  -157.0,55.8 -157.0,19.9 -163.0,19.9 -163.0,49.8 -189.8,49.8 -189.8,55.8 -157.0,55.8;
ADD P1 :W0.000000  -122.2,49.8 -121.1,49.8 -121.1,55.8 -122.2,55.8 -122.2,49.8;
ADD P1 :W0.000000  -122.2,55.8 -122.2,49.8 -149.0,49.8 -149.0,19.9 -155.0,19.9 -155.0,55.8 -122.2,55.8;
ADD P1 :W0.000000  -190.7,49.8 -189.8,49.8 -189.8,55.8 -190.7,55.8 -190.7,49.8;
ADD P2 :W0.000000  -154.1,-13.2 -154.1,-32.4 -149.9,-32.4 -149.9,-13.2 -154.1,-13.2;
ADD P2 :W0.000000  -160.0,50.6 -154.1,50.6 -154.1,-13.2 -149.9,-13.2 -149.9,54.8 -160.0,54.8 -160.0,50.6;
ADD P2 :W0.000000  -160.0,54.8 -162.0,54.8 -162.0,50.6 -160.0,50.6 -160.0,54.8;
SAVE;
